BEGIN:0
REQUEST-STATUS:3.300000
REQUEST-STATUS:1.300000
REQUEST-STATUS:1.300000
REQUEST-STATUS:2.300000