BEGIN:0
REQUEST-STATUS:3.300000
REQUEST-STATUS:4.300000
REQUEST-STATUS:2.300000