0:
BEGIN:00
REQUEST-STATUS:3.300000
REQUEST-STATUS:3.300000
REQUEST-ST1TUS:3.300000
REQUEST-STATUS:3.300000
REQUEST-STATUS:3.300000
REQUEST-STATUS:3.99000
REQUEST-STATUS:3.300000
REQUEST-STATUS:3.40000